790
2
131
292
135
723
360
681
476
863
438
990
69
435
738
823
157
550
377
373
331
108
836
527
906
739
658
44
911
426
791
997
280
640
327
36
691
286
18
980
479
158
124
629
388
903
293
845
57
749
65
467
667
933
507
793
599
484
952
329
46
20
902
241
697
137
134
774
689
365
422
126
81
228
578
17
519
641
772
615
940
978
198
601
389
647
913
380
34
406
229
181
717
957
120
864
127
285
100
249
920
987
705
238
802
378
854
401
806
102
468
622
822
690
423
619
727
512
139
156
898
203
882
743
368
551
682
246
40
115
201
408
814
897
900
482
272
345
804
895
783
402
30
282
478
611
606
277
449
220
429
855
796
313
925
922
702
695
433
275
958
951
764
711
865
788
73
713
982
777
452
642
999
358
175
176
410
931
569
427
818
967
82
41
218
762
539
526
474
672
974
386
848
696
534
152
343
643
70
397
725
315
589
32
998
877
741
178
159
136
971
737
303
19
506
291
416
926
492
878
740
319
714
921
576
917
756
915
891
8
268
232
847
510
856
473
973
96
862
166
22
458
687
540
670
955
869
375
66
270
989
960
909
483
699
885
13
588
448
361
144
194
499
701
892
281
745
866
521
630
405
213
605
801
208
330
637
481
322
215
538
454
979
555
716
653
317
16
336
464
746
496
874
353
570
964
835
857
614
169
153
750
669
887
786
182
191
559
825
627
592
379
939
366
659
121
846
77
400
693
488
450
776
698
245
932
888
953
170
33
553
549
25
487
294
106
621
346
62
216
119
954
728
338
523
625
243
543
761
946
1000
428
434
132
92
607
842
51
609
227
224
53
265
355
501
42
211
547
369
668
333
598
859
563
524
824
461
205
752
993
350
382
35
253
984
580
111
267
50
941
463
924
736
649
556
149
323
871
1
196
575
759
393
755
184
816
61
821
577
815
753
720
251
244
726
477
660
193
604
735
306
851
31
673
424
785
771
403
436
431
130
223
248
445
996
374
299
284
502
498
318
838
235
207
560
949
239
530
320
4
963
992
14
418
794
151
6
75
381
332
935
956
531
384
626
722
562
843
67
918
21
276
273
975
337
113
190
511
812
462
734
708
342
603
398
107
652
495
469
528
214
432
94
505
566
348
807
968
834
503
335
68
525
833
266
829
466
912
357
344
295
976
279
460
808
923
305
742
994
751
792
252
425
453
310
404
87
162
351
222
11
104
185
703
328
571
800
192
942
27
58
616
861
48
314
260
514
634
591
129
977
141
572
719
883
396
206
148
830
376
780
154
112
650
189
548
663
236
186
180
79
875
805
3
910
349
767
197
165
803
517
55
257
552
325
84
798
817
230
5
475
769
593
59
928
290
24
411
712
489
312
710
263
341
255
870
364
49
683
820
367
204
446
655
583
247
948
500
88
459
594
787
995
916
831
45
394
938
748
362
773
886
768
545
685
142
437
765
76
274
811
541
80
179
118
757
595
95
288
635
86
760
972
747
28
90
574
991
662
9
661
370
867
853
535
209
150
407
133
664
868
679
613
674
508
582
617
387
947
810
240
880
155
849
533
371
441
439
684
678
827
417
472
797
758
509
944
326
420
89
412
471
56
608
618
733
85
781
167
146
554
356
114
537
173
581
339
632
200
199
491
557
590
779
37
392
38
730
372
986
731
624
168
128
143
904
233
414
558
586
261
732
440
217
72
302
64
52
930
568
311
729
516
665
480
686
646
937
226
565
383
308
258
219
840
29
352
828
321
579
447
638
444
231
504
744
872
97
354
666
597
515
161
778
98
754
430
316
347
457
140
177
965
83
91
160
561
799
363
775
26
147
542
301
585
969
620
945
271
93
60
961
879
451
413
656
225
324
819
899
907
724
399
145
202
602
188
839
959
12
486
596
809
587
390
289
564
782
544
254
873
694
600
633
841
644
981
172
677
850
628
123
125
101
443
766
962
269
707
860
307
985
532
122
671
300
914
103
901
494
391
970
709
493
287
929
470
195
497
47
789
520
715
109
676
721
242
210
889
116
278
858
259
456
221
7
99
522
893
71
465
164
304
718
138
237
174
610
896
212
63
890
490
983
966
654
309
442
919
934
894
513
852
844
881
39
943
334
950
359
518
584
54
283
636
105
529
876
573
657
631
884
74
612
485
297
409
704
784
455
546
262
163
10
264
234
826
415
648
250
385
645
905
988
675
936
43
908
832
688
296
763
340
700
795
110
770
706
680
187
256
419
421
623
117
813
23
639
171
927
15
567
183
298
692
651
837
536
395
78
