5619
7677
496
2915
3175
541
6075
3101
2807
9122
5068
1691
3753
7321
7204
5194
3449
4778
1794
4214
137
1048
1059
2351
5698
1425
4773
6025
8758
2583
2532
8935
3111
8857
3838
7963
7839
4290
9452
1653
7516
8753
498
4063
2857
3016
1596
6752
1697
9279
8947
4792
3544
242
4739
4751
8217
1877
9798
466
7842
3021
9204
9436
8706
54
1803
5351
2013
2448
3667
5130
4848
5510
7939
1768
806
1231
7956
4049
5733
3586
6828
1108
3039
5338
6829
5723
7536
6030
1611
1428
6880
3026
1672
758
1682
5911
1364
5172
6601
7482
6097
9375
1826
3774
2776
2833
7721
8618
5734
112
1782
7022
4538
8669
3378
4661
4069
6823
2740
5394
2878
3102
7455
11
1661
3470
2334
7955
375
6340
1704
6597
8499
136
8986
138
3620
798
2108
3096
7614
5200
7278
111
7412
34
5002
3745
3277
9610
8006
2008
4918
1203
4600
5078
8238
7673
8946
4249
6473
8107
3698
8531
4478
9179
907
4737
6058
7849
2251
2611
9839
2964
5861
7841
8922
9562
4300
8483
4169
6523
7169
4585
2739
5431
1241
2879
6283
2805
4680
8020
7519
5295
912
7807
6480
9261
5413
20
6154
4417
1408
4425
9792
7869
9358
2143
1040
2912
2420
2003
2921
987
9912
2263
6568
6494
8318
8427
338
8865
8428
803
3089
228
5940
1797
5081
5443
6095
234
8764
8081
7775
2080
9488
8317
4494
51
4287
3497
4955
2609
1860
164
3609
6641
1569
1910
3979
7858
4108
5551
8093
1031
3822
4253
8152
9140
2986
2524
8323
8196
5448
943
195
6811
6145
6204
4857
894
7009
2869
762
9058
7522
1341
3278
6042
8425
9949
7290
4644
6144
8526
1461
1973
1868
8626
7944
9573
2465
3355
8896
1045
9245
2002
8015
4884
6612
2545
3003
8490
1494
8694
8355
4863
3660
9250
313
4815
4047
6329
7191
9958
4217
2610
9083
5140
7931
2067
7757
4163
8800
5693
5971
6691
7305
8894
994
3820
6605
7437
1037
7415
6521
2422
846
155
9871
8806
728
6102
347
442
1750
3467
2587
9816
6960
1915
539
3086
1497
4107
3424
9633
4774
650
3730
6258
5010
554
7033
724
1256
3176
1791
1482
9684
6405
8899
7846
6277
7512
432
4700
5643
2371
3160
2535
1725
6454
7565
6103
4224
3514
3375
8145
2691
5459
125
7860
2616
8780
8679
6269
3055
767
8416
8877
6518
6330
5719
5603
5306
3839
7797
951
4555
1452
7978
6665
1716
3655
1038
8436
8826
7421
1820
7489
6513
5097
1153
2333
429
430
1997
2789
9428
5358
13
8075
1665
5770
6115
4402
4362
2189
9271
4610
8352
3204
849
4845
7058
9626
4101
2563
6337
4316
3757
761
2125
3455
3764
4164
1393
467
8127
3701
1110
1685
8726
3122
6372
5372
5233
65
6424
1149
9811
4126
1367
8197
6378
8010
6346
4219
6274
3617
3352
2917
7373
3010
1924
3551
9826
7980
7890
8895
6403
7418
7288
1363
4517
6038
3374
671
6537
7801
3727
1712
1439
8272
7729
5814
8847
9757
9785
5472
515
3044
8177
666
5406
2496
8368
6092
308
8590
9184
5398
5477
953
4233
5061
6387
532
2287
4581
1029
5166
3612
1854
468
6497
6089
5354
3904
9383
4039
1269
645
8543
2792
6727
2033
6170
9492
7114
555
556
5968
8382
1770
6588
2914
8925
3399
7568
8959
8085
8080
917
9870
2820
2850
1433
1926
1825
6725
1063
2073
7914
5863
9751
2295
5073
9835
3690
7196
9784
6709
5214
8481
5409
8727
4532
3456
637
5995
8
5041
167
1632
746
9074
5360
3297
3317
9842
1659
814
8715
8370
5695
6119
2292
2868
247
3847
8982
3280
3688
890
9386
8992
9076
7199
9763
8791
2730
7298
428
8185
1938
4286
2727
2995
4679
996
7868
5053
882
1075
640
1736
9544
7929
1967
8320
2864
4313
2235
5937
4902
5048
7703
7444
2673
6010
5421
9772
1402
9691
3939
9581
8567
2269
4593
5131
8812
4690
9087
2250
9408
3178
9518
6255
7327
908
1025
310
4868
3659
8393
9594
4728
1727
8029
368
4005
5623
2484
580
2998
667
1144
7211
5447
1374
98
9797
9879
6300
3296
3575
7300
217
8701
4618
7500
980
7888
2500
3700
6625
2547
28
6417
9090
1741
748
3095
5612
5188
4048
5017
6256
8367
8388
3555
5802
8362
110
5812
3336
9287
7511
7046
3887
4509
8529
9878
9402
3232
1690
2047
201
4142
7246
6043
1125
2183
845
9988
1478
2005
4351
9293
6334
7433
2063
2223
5552
1878
732
2467
5963
2354
5757
1453
2104
1978
4876
209
8395
1548
3309
8344
6474
2222
4475
5795
6932
4872
905
1310
3290
6232
4557
7808
8121
9119
5100
790
6885
7552
4702
7883
795
633
5244
4496
7486
2176
7043
8790
5259
560
6873
6149
2347
5777
4822
2705
8247
5779
9637
7538
5806
5697
2666
6247
9212
6578
5896
514
7475
9456
1490
3256
8862
7924
9290
9169
462
5556
828
7456
2608
1201
5550
9515
1193
6810
3761
175
32
5546
9173
7728
6273
6606
6347
5916
8661
797
5364
3924
7319
6175
1562
4241
4574
3731
3279
9377
9328
572
7182
984
1007
598
6570
6549
6060
6481
9196
4016
8967
4264
775
2621
7129
4434
9221
4342
6264
3962
7087
123
8430
680
7495
2816
4028
109
7416
6956
3632
878
326
829
7236
9228
6547
4900
9576
5162
358
789
1155
8976
4105
8089
5591
4483
3469
2626
372
1654
4971
8520
9978
4605
377
2117
2302
251
2678
926
5296
1777
4429
2765
4295
2795
6015
3891
222
9203
357
2468
9320
8479
8761
7073
2974
8326
6383
144
200
6687
1985
3045
6151
3244
1618
4017
5742
9787
3817
3725
6162
505
7297
8409
7616
7629
2768
5966
5944
4070
8616
7208
1486
6
4549
1187
2648
8723
6070
7804
7540
642
6298
3944
500
7282
4711
1545
4830
4153
1812
5910
7850
2276
3343
1169
3837
5680
2867
2322
639
8828
315
6809
7042
1850
7711
6879
8841
9953
6550
5824
3890
2362
4919
3691
8536
8658
5913
2612
1908
4404
1769
9207
2442
5339
7554
3105
7023
17
954
1030
8451
7272
5660
621
461
1880
1373
4150
5611
4706
8473
4331
7758
8438
37
7836
4657
1988
2653
3324
7400
3137
5504
5238
8025
7041
9833
2049
6316
741
2595
3905
5434
4556
4703
6955
1472
4999
8749
4965
7776
2327
2965
8627
7085
6078
8319
6786
6051
900
9447
2546
5811
5881
66
3782
8779
2984
4552
7438
1668
9114
6815
9112
1838
3082
2758
7323
1060
4677
8705
5250
9182
176
4591
1626
3310
9345
2908
4027
7075
9554
1170
3192
5532
2136
2913
3060
4614
2356
5052
9348
1754
955
8175
9622
1609
7251
3601
1463
3094
9178
5182
295
5667
7741
9022
972
4603
8211
8512
7701
3407
2469
1073
2476
1147
8545
5890
553
6248
5900
5284
8162
9997
5800
8008
8942
1277
9043
9952
1093
9710
8574
3127
4099
9741
1536
9585
9296
3830
9295
1027
9486
2742
7126
920
405
1351
6878
3494
4707
8696
4573
5804
1206
2640
2058
7364
7027
6229
4244
9899
2264
1156
6608
4144
6637
161
1265
8755
2065
2709
6059
3506
792
8851
4029
6795
7649
6997
8890
998
6596
6064
55
5692
4537
4579
8777
6368
8184
6230
7342
88
5199
6076
6951
8233
322
8452
4950
7360
8570
8631
4248
1487
8874
8295
8146
2845
7726
1243
834
7865
4080
53
3864
8760
4476
9618
8391
7255
8527
5646
4378
2355
6855
3758
4655
8893
8939
221
3147
4455
2495
1267
6196
1798
7669
9352
5014
7533
5035
6613
5615
2573
7745
8728
2551
2228
92
6014
7462
1377
940
4704
5669
5764
93
7209
1888
5386
8997
7070
8239
9500
2028
2386
4803
6364
6353
1303
2283
5949
7604
419
9142
5378
4749
4889
7885
8396
8573
862
1700
4222
9251
6131
997
6706
8965
8665
2383
8698
1306
7086
8789
2667
5251
8053
2057
6259
7313
3121
6188
3052
1338
8413
130
5462
1962
4446
23
1971
2373
9027
169
6401
5
6307
7092
7152
71
2280
7796
1784
5879
5263
4758
9082
8022
1000
9462
9039
266
5519
4382
7361
8034
4982
1323
2087
8307
974
2372
1195
9676
4551
8936
4178
2443
5536
7549
4641
4753
9857
2985
1334
6088
4853
6948
5396
3755
4821
2775
5756
8312
3705
4166
3770
8111
7431
1660
3966
5001
988
9781
1249
8200
6475
9107
9698
4653
9407
2711
9597
7824
4432
4596
3784
3402
9020
107
3339
9333
6682
629
2723
2026
7324
4156
2335
9317
4007
9563
6649
5369
8903
7805
609
8870
9911
5334
2697
7155
7010
5158
8607
6722
2186
6976
4491
2072
9054
2787
1564
3436
8225
190
8998
6006
9514
4620
3322
5686
3211
3557
6803
6508
3872
5516
7739
5838
3465
4256
701
9473
9778
8941
8033
1146
1413
4860
1266
9737
5099
303
4804
9933
3810
8776
1576
6754
1010
178
3956
9686
1499
1852
9484
6127
1503
1948
4040
9942
1715
5463
7021
646
3692
9809
7301
2398
6676
3483
8457
3028
7214
12
2301
3934
122
6363
7714
5797
3550
5616
5503
1184
8004
3365
6827
867
9448
2931
7259
7904
8902
8602
4074
243
9906
9381
2520
9478
7045
4983
1340
2321
3311
5467
9836
4854
2550
409
651
3535
6433
2799
8911
3635
5740
6750
6437
6425
2521
115
4656
244
7857
6991
5573
6351
8766
2031
7151
5392
9220
8102
3396
1681
6695
8028
1087
6923
4916
1739
751
3964
8845
1239
3531
5473
7922
6881
3579
6546
7861
8867
3433
9823
4834
4796
1605
9553
6914
6186
2574
3358
279
1101
5572
8363
4162
3529
3599
3867
5037
844
2201
2654
858
7325
1468
2548
1627
9070
3382
2749
5986
9926
2594
2997
1598
7585
74
4529
3541
4820
1263
8521
5847
5541
3722
2305
8919
7317
947
9863
4616
106
9366
7422
3974
7490
4577
4527
3340
219
1190
4617
1078
5337
6556
2685
4744
3986
3012
7921
1328
2212
212
7232
6317
5825
56
6271
4975
8118
4064
9535
4211
2956
7442
3207
7067
1117
4652
9209
7310
3532
9650
4743
7226
4093
2936
4777
2782
8556
2425
4648
1307
276
1705
1508
3930
9096
4022
1222
4442
6054
3097
2732
6572
9675
5570
7156
9243
8078
800
4210
6362
1407
9199
9045
9847
9682
6110
7926
1657
7506
2102
5125
3953
6285
1699
1559
7685
3523
1183
1612
2403
9086
8783
7733
3373
94
7621
7818
8675
9910
4894
4276
5730
6844
1348
2959
8729
1047
6630
8432
8927
2035
3590
2764
7906
743
6897
335
4421
8615
1676
1449
1845
1776
9557
2466
4281
406
1633
8882
4870
3932
8040
9053
1420
1281
6688
7121
8049
6584
3327
2975
3815
5435
7000
252
1799
6554
9224
9819
2544
5520
3446
1415
417
769
5676
8141
8474
3213
2501
8017
1643
7395
5931
6238
4974
8860
3482
699
9068
5418
7457
2328
9970
6702
9475
3636
2832
298
3524
4431
3728
7717
8966
1679
8245
1840
2241
369
1001
6983
644
7987
9281
1694
4570
7940
3997
4485
4927
542
8126
9035
3421
7877
8031
7999
9884
3070
4344
451
6498
9541
2522
8064
6158
8635
4180
1615
9529
4953
5998
4135
2454
5456
6478
3418
5637
3041
4354
9546
7646
4066
8807
5091
1631
8564
3053
3646
3196
4873
4310
3088
6464
3873
892
2823
8488
9934
3017
5137
9848
1005
3241
4823
7414
9815
6610
208
9354
7583
1719
7759
7626
3067
9592
5539
5844
5013
3546
6697
6958
4130
4231
7341
5630
5210
766
1861
7569
5169
1935
2681
3414
7213
7084
8759
7557
2379
871
2883
1788
1406
2407
6216
1658
2955
9898
1216
9387
606
4647
2240
7097
8286
6560
6658
7044
4797
8586
8182
9642
8176
1132
9299
5704
1903
2810
8097
6515
9247
964
2336
191
9955
2841
4650
3205
3565
5710
9905
6662
3209
4452
7590
3348
4592
5875
8831
9665
6749
8035
1996
1981
8282
2994
6616
8538
9872
7270
4992
1238
38
8150
4464
4969
1209
3615
3326
8643
3883
482
9651
2017
4609
1302
388
7038
14
2291
3630
9591
1462
2346
2999
1936
3128
3662
4307
256
6409
5019
1639
4155
2094
2259
8414
5941
2042
359
4109
108
2350
6975
8560
3194
516
2629
6017
5558
5227
4895
5947
8201
6653
502
7619
5481
9889
719
3775
3073
5607
3917
7413
8610
3913
1353
1994
4813
3490
9831
8657
673
8279
249
9503
7250
546
922
4705
4026
7190
7277
2794
4722
5126
1327
709
7859
6182
9443
872
2097
1282
480
5758
4262
6999
7242
9754
7498
8264
2871
394
6632
6893
819
6161
3772
1890
7098
9723
5938
7485
5499
1800
4911
9659
7598
614
2306
9019
2127
1320
3283
8303
9607
7207
7993
5276
1575
8361
383
937
2139
5576
4014
9973
704
2130
2693
2146
3881
4373
6541
6365
8347
1630
2568
9523
4544
5249
4771
9890
3037
2045
132
3842
3157
6595
7425
3301
3479
1297
5491
3381
5280
9735
2173
9080
1732
6965
2596
1086
6098
4970
883
6545
1957
1542
8419
7280
6398
376
6820
4775
3496
9403
361
4129
9969
97
4809
6302
6413
3049
7950
6200
8611
6837
8710
4651
5312
4756
8287
3233
9510
6979
4160
4841
8478
5319
5921
3141
7394
4914
782
6326
4375
2148
7870
6084
5056
412
5349
7722
3040
2077
7936
2888
8636
9920
9319
6367
365
4323
5750
3100
1606
2179
9745
5304
3458
9128
4021
7002
7684
3387
6582
8265
4887
8588
638
1914
5518
1082
2254
4909
8793
7040
6973
2904
9075
7132
4762
5047
8098
6445
9285
9693
2275
8878
3584
1574
2668
6451
3894
2126
5741
4808
2096
3393
2733
3118
2874
5399
9525
5376
8613
9085
3856
1779
7844
4801
7149
2122
3260
1509
8762
3834
7748
3515
4308
9048
9033
9151
7446
4516
7829
7575
4045
1471
6431
7689
1510
4619
534
3500
8258
7503
6132
8027
4805
9856
4427
2951
5414
5067
2658
2238
1442
7671
5315
8037
925
4587
4828
9093
9067
9738
2345
7855
9860
9442
8484
935
3069
6835
8598
1253
263
3943
420
8376
1414
4859
742
2761
8557
2982
8700
5867
4226
7265
6834
8251
5174
6607
2482
8506
2770
3624
9625
5679
8514
4114
695
7007
6934
3869
2453
7871
7749
6404
3768
2421
8381
7225
8192
2729
7592
1894
6690
8554
7571
4996
1710
5534
4752
1003
7252
5762
3114
4482
6113
350
9595
5577
7090
850
7163
2597
9088
6429
4271
7210
8263
2405
9423
7235
1526
248
5622
7034
7923
483
1369
7990
2511
2025
7765
4522
8810
510
9133
802
6257
1781
983
8493
1805
3959
7358
5584
1538
6023
2813
9325
460
5989
1443
6891
8316
8092
4030
7537
3720
1397
7771
4309
3566
7751
3170
3331
371
307
8424
2539
7681
7194
9567
9232
3695
8492
8374
823
3294
455
435
1553
1476
8901
8623
3459
1664
1464
619
2492
3180
3785
8060
4433
4712
7122
8314
8045
1410
5815
6838
6406
3717
8846
2234
9640
2722
8884
2204
6622
7958
2514
7193
2400
8429
77
3236
7459
2253
3849
4732
9395
3295
927
4634
1289
657
3759
5639
6024
7770
6223
2529
9115
255
4776
5883
2928
536
283
7386
5326
8441
865
8625
3871
1813
734
9604
1182
6575
6868
4261
1883
9602
593
2210
1258
8584
9004
8849
2752
2692
4676
1261
4097
46
1552
3268
820
4757
785
2326
4748
1751
4015
1692
265
8833
288
831
4444
3222
770
7864
4633
3117
2590
8525
1757
1134
5405
7799
6992
3694
6524
8690
7048
9064
9258
1221
2199
825
8401
4515
591
3669
5993
9256
6096
3912
5020
9310
6591
9131
4267
5731
3435
2804
7202
9662
2686
1828
197
8819
5775
7794
5738
6268
3545
1314
3793
5245
45
6361
6408
3570
9532
8858
3431
8412
8043
1931
1900
9945
5161
990
3262
1411
1818
1875
9900
5785
3603
2842
9455
8904
3526
8193
9773
447
9990
4931
7630
2053
3906
1028
9240
6764
7069
4708
6663
9342
6237
6376
80
5605
2773
3572
8407
5325
5856
479
9580
6917
6087
2689
3831
5027
9214
1412
6780
9716
8603
8394
3312
9749
4243
6887
305
3457
8301
211
3291
2384
5873
7837
3628
3516
4466
5379
9176
3183
4288
299
5945
2105
3085
8667
1964
6301
2070
7798
2726
4814
7273
120
2402
589
1161
9099
8346
5628
6743
5596
6745
5964
1966
1839
9672
9944
4326
8505
4583
1177
2800
1701
1517
7019
884
3564
3823
3461
8180
2757
4410
5322
2088
8072
7016
8304
7164
8524
4716
9181
2644
9485
9517
7153
8345
5602
543
5909
5022
7200
1451
6282
4037
302
5675
4403
6500
4376
692
5484
6397
238
9363
840
8926
7165
1495
8604
5877
7605
1346
7407
5509
3249
1273
3583
7938
4106
9472
5042
3563
779
8470
2565
6008
2116
4789
1969
1111
3156
2960
2213
7961
952
6267
323
9294
6336
6603
4767
9095
1729
4976
2027
6379
1824
7642
5717
1801
4746
3388
4122
2840
9504
4917
2309
2485
2164
8632
6776
2848
5685
6342
9559
1844
995
4639
9817
194
3910
5425
9897
8654
9219
5090
3158
5961
184
9983
4469
2312
6636
4840
5895
8054
1722
5899
9496
5677
6620
4543
783
7268
154
6411
2075
6461
1387
5390
6467
2682
4664
7347
2558
7269
5071
9406
8948
8559
2552
8445
2268
2900
1446
7260
1279
5954
2983
8561
2907
5167
5732
2316
6962
6562
5976
7501
1789
7660
5903
5164
5104
3533
4508
1050
5049
1522
7339
7600
2927
9940
521
6172
1524
8978
3870
6646
5882
4937
2046
5228
6492
6896
6928
8555
2308
8256
3818
478
2543
5887
2769
511
5827
474
262
5830
1590
8944
8364
5791
72
1529
9965
7203
6469
6142
3453
2966
1767
6308
7382
8158
3098
5417
5187
3587
5631
8252
6801
8802
2215
5123
2919
3138
6634
9132
7256
2754
9288
7927
3292
8365
7731
8135
5092
5752
5300
1316
8156
2812
440
2032
5726
5262
8768
5333
3075
3556
9645
8940
4025
8306
8702
569
4818
4322
7131
8685
3581
9894
1557
2513
7423
3022
5331
4622
3151
5705
8699
1642
7742
9652
8255
5374
6490
6452
4849
6227
1972
7769
9968
9760
9695
2480
4731
7820
232
7638
6930
4851
8597
2554
1734
5370
623
1928
1946
1240
8138
847
6683
151
3061
3362
8797
8743
3922
192
1506
7322
1748
3736
258
773
6311
7603
6579
2406
2382
7294
8404
3503
557
5476
8612
2728
5479
1625
485
5436
5391
2231
8823
9341
6133
8009
1944
4117
8853
3074
8115
9721
1886
2440
1535
523
3451
1821
3686
9605
1233
3077
6067
9516
5152
261
3115
7115
6166
4390
6600
8999
7409
1560
9335
8456
6648
9454
7577
7142
5087
8575
9315
4157
75
5445
2247
9887
9922
7541
5490
8994
2052
5032
3143
6519
6751
5344
3454
370
6888
2349
134
3152
7795
8309
6327
1540
1405
6148
87
6577
2518
1876
8739
86
4371
6640
681
7229
6410
189
4582
3760
6121
6191
8576
1437
3177
2019
6845
7172
841
3182
7667
3562
2385
1867
5557
5914
8269
6617
1200
2992
2515
3860
7526
2541
6462
2639
1336
7337
2981
6001
9208
4379
6044
4209
5051
4630
2068
2560
5561
1042
2916
3208
410
3756
1098
641
9908
2477
4405
9479
4886
8871
1677
3329
2282
6179
5215
6318
774
519
3364
9664
9480
9355
7267
2865
9384
4468
833
6681
3914
6520
2152
9685
3063
1441
4595
9853
2436
105
5666
9801
8885
3558
3508
8230
277
5316
469
8007
8384
301
6884
4719
2459
4701
9450
8044
5670
5101
3273
10000
9614
8955
6978
9481
697
9877
8513
1275
3680
9314
8387
5501
4036
5329
7472
7063
729
7428
8122
2171
757
9612
7862
8016
5318
7201
4920
9681
9257
771
971
8809
852
9994
374
5587
3664
2112
3202
3255
945
4052
3013
1532
1036
733
1493
8137
8349
7647
2724
5849
8646
750
9435
2044
1717
2041
2647
8261
6420
8905
8462
5487
9172
2150
1932
1489
7180
6147
2209
1537
5590
9558
7345
8336
8552
703
7623
693
5356
5715
4334
7563
8880
6986
3289
6793
472
6055
3998
4790
1131
2747
9904
4006
7135
5207
8179
9191
4394
8703
9168
9928
7691
281
275
3417
2216
6886
9055
527
8961
1863
9135
8291
599
9433
7809
3258
2700
7668
8332
2555
2802
1942
4606
2493
4718
2281
5728
4009
4278
4962
2617
5380
1708
7281
4561
63
6187
5247
186
3015
6048
29
6672
4780
2714
9316
837
1916
2177
424
3429
3976
5985
1357
6659
600
4959
3054
7304
3585
5403
4458
8835
7652
5952
2593
6995
6456
7254
9167
2614
3450
3193
8216
5656
6000
8212
5789
3769
8083
3741
9078
8852
9084
9838
5635
4341
1809
1983
9927
8026
5239
145
1270
6862
861
2844
7992
7662
3478
6393
2744
8622
6638
7138
5841
886
9327
9370
4672
3489
2106
5475
8648
4148
1901
5636
1923
7750
171
2277
2731
4764
1026
6739
5039
7006
2526
4487
6116
415
6782
3675
4132
8722
8587
9702
6945
3517
5234
6670
2746
2153
3522
2461
6304
4625
2225
135
1396
7777
1502
6728
7404
3840
9509
6357
7589
3808
4779
1602
3083
1874
4829
4869
1457
9875
5790
7471
1702
203
9782
6586
3802
6913
4850
8653
2683
3996
6624
7340
9849
2324
9880
8842
9416
9979
8166
5271
8655
8030
5831
9725
4137
1100
731
1236
3372
6453
5749
1054
655
4221
7529
7766
9596
5774
4880
5453
8995
5286
3697
6940
8664
6571
1128
1091
5833
309
7937
9329
6063
4501
7371
736
4875
587
993
4960
2627
776
8678
4742
7966
5079
3007
6203
8067
1015
1138
2698
4936
4802
8227
3476
5727
9896
4311
9873
6758
8771
7753
4317
8996
5121
5478
1021
6633
8937
4500
1755
9555
9138
4766
7099
6315
8711
6678
2374
2062
588
8736
3651
5641
3107
4335
1568
5893
2607
7333
2870
4747
4480
7065
7821
6812
2265
7224
934
2237
873
6840
7949
4861
1572
4694
4787
9493
2589
6083
2901
4944
1434
7916
4958
1102
7039
1982
9217
2478
6197
5148
8461
7973
1469
4563
2567
1778
8732
5530
1849
3788
538
590
1372
1319
85
5098
4172
60
9993
9531
2249
5699
103
6448
3064
2875
408
7631
4877
5383
5422
8540
5687
2839
5265
3937
804
5080
8900
6483
1290
6050
9007
3092
5190
3288
5855
7737
91
4835
9030
4913
5195
3369
327
8198
1616
6374
8929
512
3020
9638
4011
9776
9136
2260
5115
7439
7248
3972
8735
185
5892
4878
3598
6202
2580
1058
9582
7477
3771
9789
7062
967
6396
2313
4146
4138
1223
9753
9740
2592
9667
889
7279
3139
7515
8628
8683
6542
4194
1136
9869
2375
7426
5357
1254
7137
2391
2332
3416
7553
9527
2085
6785
2118
6164
1271
9385
4510
8596
6228
8663
4725
7411
2001
3671
664
2410
1955
8609
7707
2763
8977
4608
9372
1394
3715
9445
7496
6816
9929
7119
9825
2059
3985
9465
5415
2211
5609
6726
7851
6971
1870
4228
2395
1571
1330
1152
314
3238
6946
1934
1122
760
8380
8440
4928
9808
7806
507
6899
1891
4239
2750
7100
5786
2953
9959
2657
2348
3835
4285
6432
1862
8446
9102
9210
4413
5135
8707
5468
9015
6208
9371
2989
4495
6833
2083
5690
6671
3961
2
349
4891
4997
27
9246
3214
2161
3162
6832
2598
9886
2893
4912
6767
6219
6276
7658
6033
1477
7502
4324
2559
6651
6214
4095
4925
2191
3641
1546
9141
4204
1823
1614
6430
5021
5224
6109
4423
5196
1352
670
3420
3861
6819
3383
5538
9052
7593
8434
6323
9844
3836
9432
6074
82
6721
7217
5203
199
5617
4662
7072
3978
6505
1479
7661
3360
3952
2601
1120
6892
2856
9971
7779
6654
6564
4461
3971
427
8399
6211
2286
6900
3430
8240
8673
999
6400
822
5878
9795
4760
7283
319
6774
5649
2483
1255
4994
7517
5990
1885
3415
4186
2508
1832
6664
2877
5180
3613
4901
7104
8748
764
6871
7354
1321
8863
337
8300
3328
3150
5197
5497
1771
5866
1721
3933
1105
2010
6155
7166
9700
4559
8843
7195
5255
4987
740
2517
1234
7715
8719
7991
2325
7763
1052
7089
6883
7306
8086
9750
1940
5689
9579
4727
4615
7791
1379
6477
4819
6167
9032
2086
5885
551
1687
1248
7878
6244
5307
9415
7154
3885
6072
3707
7458
6140
2039
7773
6440
597
9674
7274
3995
8931
9892
9225
4415
2245
8155
4531
4086
518
9467
9444
851
1385
2230
5149
7366
6841
6146
8254
2082
5213
965
6236
9885
981
1851
7356
1381
8990
4954
4365
2670
7385
3426
8544
4257
1141
2110
6487
3926
4734
3216
9799
2531
1088
3212
6081
4490
494
3444
3857
5427
9321
9148
5648
3738
6460
9464
9843
567
4659
9303
7706
868
9827
19
9470
4388
3199
9550
3841
9947
2100
215
4462
6593
7712
257
9018
7258
6510
7559
3032
7760
5569
977
150
4896
3801
6178
1312
9424
4535
3394
7513
7599
5444
121
5884
439
888
3657
4240
3304
6486
8005
4318
7303
6715
2703
3242
7249
8820
4904
1515
9821
1807
4171
2119
5563
661
4258
3568
1148
9666
8553
1467
1763
8171
3633
6350
7781
9267
6512
3445
5303
8834
545
8422
3230
4275
3984
946
6736
5003
2696
4881
1523
4833
4247
2297
5455
7988
3519
6943
8599
2007
9198
944
1587
3300
7695
2603
662
6358
4103
1214
6022
5549
1311
5872
5400
570
95
1278
1912
3281
9736
9578
7983
9284
5624
5972
3460
6446
385
6270
2076
4964
5819
8892
2266
4697
8459
1735
5837
1804
3134
3263
7484
2156
2785
8634
1106
1008
2311
3946
8013
3197
2261
899
8194
4038
7507
5598
6226
6426
6004
9543
5294
118
897
5395
4304
7508
5268
9241
9600
7161
7884
4871
7162
1707
8981
4191
6775
2114
9925
4507
7825
5625
3874
8327
1939
7088
8469
6954
9283
5139
7738
5437
4391
5969
5402
5095
1440
1260
2957
2772
3119
5120
7178
717
7678
777
3699
9976
8773
577
2822
1872
4254
9513
6968
2863
3734
297
1698
9097
8551
860
9118
5076
9793
7534
9160
5597
6918
4715
3149
4177
6552
615
8914
285
355
4638
9623
1333
801
454
3410
4364
938
4358
7831
6390
5226
9469
8267
5547
9130
116
380
2935
7562
1601
8744
1426
9434
4347
5589
9569
4299
9692
1347
1780
5511
3735
8652
3488
5423
6909
3305
6807
4414
3441
48
8079
373
3936
2680
4208
9404
6919
4367
7947
3259
8854
3859
2418
8444
3385
1718
5430
3900
8099
1954
7653
8818
4438
7451
2674
7245
7725
5977
156
1696
4088
4448
5236
9734
6760
4252
9599
4454
5586
5725
1204
4855
1361
143
8943
6779
7945
5359
9646
6503
9237
7362
10
656
6314
9583
6735
5583
1154
4674
4477
4360
3219
2925
2905
1726
2734
1115
9269
316
18
284
7994
3090
413
9334
7964
5983
3353
7186
8476
7101
187
7635
1688
1326
525
8534
4380
8924
7320
9601
9259
8750
6491
5760
1386
7061
6849
4520
330
290
7556
1898
1096
9289
9165
8183
2736
8219
9104
6335
9663
8594
8537
9471
3648
2352
9008
859
5846
6660
5688
7811
3591
5269
2284
6495
9837
706
885
8912
6517
5082
2168
499
5133
4580
7136
7998
5089
1528
6741
9575
3929
2123
3135
7910
7387
691
2962
6927
4569
9338
6761
7989
8829
6279
9252
367
4195
9322
5492
272
9712
1305
1758
5046
3748
2846
4943
9774
4337
1638
441
4034
4963
1198
4279
69
5289
1175
5204
5387
7832
1313
1989
4110
7617
9779
3313
3062
3708
923
9003
2474
5818
6783
5248
9635
7368
2650
975
6222
7752
2428
9312
7008
2987
9318
5658
7392
1504
5930
747
4481
340
3518
2178
8249
1210
7643
5310
8539
9229
6310
3440
3286
9805
3000
9876
8788
811
2938
495
9758
3977
4566
4352
1925
1436
7445
540
2637
3560
8003
1817
1793
5793
6733
8144
7441
5737
7443
537
2272
1974
3038
9339
5560
7648
4440
4092
7840
8724
1430
7030
7469
4463
486
6814
8693
4689
9150
4691
1421
5962
8775
2081
788
3530
2503
3109
581
1055
6875
4750
5209
1773
6090
2278
1790
9505
5347
9590
9286
1376
7570
4348
6035
8822
341
8405
8450
4338
8435
8795
8339
6123
96
5821
433
8057
9564
1388
4457
3363
1366
8215
4736
5313
985
1961
100
4741
3983
5923
8220
8420
484
7666
9593
6894
8988
7497
5948
3689
6506
3850
8688
2315
1580
5389
855
7982
8125
3679
8408
7381
9744
6322
2672
9761
4905
2206
8087
7391
2993
2659
4392
9021
2918
8533
7453
9617
8157
7838
1431
2933
4139
8808
52
6321
7718
528
7544
366
2066
1074
6195
449
5736
2163
3606
7141
7329
4733
8369
3447
7410
3504
3729
8065
807
5419
6667
336
2949
4124
5907
2880
8886
8235
672
6825
5506
31
6249
7066
8294
7450
1759
1185
5653
4628
477
6069
9731
3376
9308
5117
3868
2160
2323
453
9729
1586
2256
6412
3442
6442
2910
6723
1761
3487
9379
5009
5029
8153
1299
688
7834
799
8583
3554
68
7053
8113
4586
1104
4831
2743
9072
5033
2808
5505
6895
2582
2243
4783
4528
7863
464
5381
6551
2831
869
585
9364
5433
1922
3001
8962
2357
6266
4236
2561
9063
6003
7223
5835
5496
5768
738
2507
2205
2343
179
3498
2451
6668
7633
2141
9010
7262
1342
5514
3970
8984
1288
3411
4883
3403
6049
9013
2579
7566
3798
4116
4473
5217
44
2884
1593
7705
9794
7700
1835
1285
7393
3848
3621
1150
5297
9964
1610
7962
1033
6369
3389
7103
6924
4055
5441
4199
3246
9227
5701
8350
752
8770
8321
1315
1071
49
4558
2229
6193
3367
3607
73
5346
5458
2553
346
5840
503
8522
4251
7494
6842
1709
9687
1733
293
6921
2881
6291
5330
6470
4866
4988
5488
7483
9962
7055
4502
3677
8163
8754
7546
5451
6869
2605
1950
2826
7510
8593
2401
6705
6696
6476
5282
4412
1165
723
4158
4665
6824
8140
3619
1995
4187
339
3154
3674
1343
2991
6250
7786
9963
2115
7789
414
3809
9769
452
5034
8195
6077
7732
8449
2895
875
2570
140
7206
3167
8242
524
3845
6511
5219
5050
1454
7192
4073
463
9522
1081
6422
9995
5342
1359
4497
5062
6604
5663
7218
1810
939
3306
9215
378
3625
5072
1089
6251
6065
4847
5198
8270
8082
3704
9708
2140
7597
1043
5085
7296
6756
4018
90
8311
9727
4071
8953
9110
6713
9931
7637
9930
7981
3173
3187
9337
492
1079
1465
2929
4684
6904
7311
3284
5075
4077
2575
1783
1264
7535
6325
4933
1181
853
5231
8782
9858
1470
753
6627
2014
4062
522
8437
2376
4143
431
1217
3432
1268
1549
1158
2952
3253
5522
7909
9397
5763
1960
1095
3960
2029
165
6557
5633
8816
8096
2715
3050
8069
9502
7334
2738
7895
3084
390
9677
4488
7241
489
5145
8000
3042
533
2909
2834
2133
870
1435
616
9722
9786
7783
8503
1429
4934
9273
2506
7867
7747
5429
3901
2444
9571
9935
9960
4098
3733
8088
1837
793
6224
9987
3269
1230
9998
559
4938
8453
848
1380
4924
2872
6108
4223
3819
7823
6532
395
605
9718
7608
7470
4576
6964
7894
9791
8124
9644
7788
4906
9461
4666
6799
7709
1514
6306
7932
4127
9427
3721
7175
8824
1865
3702
2004
8120
4340
4643
1371
8266
4229
5828
8968
4398
1119
5253
6536
7107
6441
5157
6639
1749
8160
3261
7167
3737
8337
8907
6153
9537
3384
2218
4669
1500
8951
5273
1600
5132
229
6792
1356
2361
7492
6719
7803
4786
9222
7187
7365
835
2656
1640
3949
5450
6788
1822
1257
4798
9521
5163
9631
9756
5987
7012
5918
4524
2207
4242
7184
8143
3645
9530
4111
5264
470
6757
9967
4604
3116
582
1673
7696
685
8275
1077
3124
1401
6850
6652
3145
2071
7716
5083
2903
5155
3988
1556
204
3726
4518
9430
6312
4842
3132
5321
1505
7790
3923
5229
2899
1375
7596
1855
2012
4325
2413
8110
4450
9051
6867
2381
5065
7730
5361
941
2937
3043
202
1519
5335
253
6937
9369
9989
1227
5110
2606
4013
4717
7518
1295
2980
4542
8188
177
1516
389
4072
2435
9305
4411
2676
725
7690
5028
2290
7800
403
2438
9717
9143
8466
9129
1637
2299
3200
475
4133
6718
5165
3190
3687
6817
6901
3282
4824
4140
3783
632
3491
7285
9701
2706
754
2446
9394
8046
529
2631
2588
7390
6847
8933
2481
6724
1866
1584
968
311
8383
4237
5579
3
8619
9654
9202
2471
7355
4536
4816
7622
9396
3112
6263
7902
7493
3104
7816
735
1689
6174
25
3434
1531
3975
7985
9520
5606
7828
5146
2397
1649
5857
7188
4134
3981
730
5891
7189
4489
6698
5526
5375
465
8181
5150
3649
9405
625
9149
5186
8169
8869
5328
5500
1573
2079
4989
1949
4843
3865
9031
8742
3776
5870
5722
5691
6138
8237
6099
3955
473
233
6673
2781
1921
7736
5382
9841
3014
5544
9660
7292
5521
3106
3719
6037
3693
6254
6071
2054
4892
7379
5323
9783
1112
6062
5703
7079
4505
9924
64
8244
5457
7664
2950
6443
7970
9307
3428
9187
5324
3251
7632
778
5553
1309
8859
1174
2145
4683
7094
2060
8906
7406
5452
3921
7826
4381
1830
2043
2665
768
5571
2716
2533
1527
6872
5116
3215
6773
8745
6163
5905
8104
5595
5788
8713
5494
8298
504
3210
2456
7383
4149
3622
6853
7005
8794
364
9365
3030
857
7875
4692
1474
6152
8024
3743
4769
8799
4400
9714
4922
9264
5023
749
5025
7532
1905
2710
8985
1480
4534
1211
5759
9939
7291
4660
3005
3299
1603
7448
6769
213
722
5634
5776
5254
877
2359
9109
1889
9344
5232
2829
141
4671
1218
6444
2973
5175
3795
1711
5652
8945
2320
9923
4270
966
6472
836
8581
2968
5057
9829
3136
8792
6802
58
1107
6645
2922
4984
9025
9759
9146
3338
4206
1283
5678
4441
8206
4724
2197
3902
3616
5385
3742
910
3195
2671
5565
9946
8891
5706
344
8149
7813
9120
8975
3751
333
2162
7891
426
8330
745
7620
4094
9883
5241
81
913
3188
3893
6740
1142
3473
8477
4407
1070
6602
9812
9000
9216
8958
696
443
2970
8273
5713
9451
9134
3537
9353
9611
5974
7847
5696
8811
8210
1458
653
3663
4526
8071
4447
607
8464
8051
158
271
3650
6120
8645
4910
1671
1473
1594
3911
354
1039
7351
8133
8056
6693
5765
7755
8883
3240
4118
9368
7237
2056
1648
796
624
5160
2219
7514
6183
9092
9891
5782
2712
1287
3395
7037
6714
438
6701
5043
2604
5440
5575
332
3576
5796
3164
6284
7480
9152
1384
2166
4973
3439
1920
1959
8119
131
8844
7369
1620
863
3888
4951
9982
1720
4832
2943
2172
8589
147
9936
9656
166
8205
3354
6794
6375
4174
9111
5659
5908
6287
613
4541
4096
3895
1018
3206
1103
9533
5919
1617
2424
57
5159
4268
4389
1760
4998
1322
5852
9234
4836
2244
3673
2404
4952
6563
5874
3661
8123
5279
942
7318
1057
9747
3766
5869
8950
3990
8426
4858
3257
3941
4713
6289
5432
7941
8129
5107
1350
4061
7170
2971
3781
4986
4207
3034
2175
2224
6241
6890
3274
8917
902
8463
1448
4439
8637
2766
8640
7240
1887
5221
4977
2540
239
425
7525
4967
1123
586
2690
7102
1404
9298
3786
5240
4472
9361
3909
6987
3696
9790
5044
5735
6031
444
2634
2737
5787
3413
4730
5299
8666
3928
4234
9401
4449
9705
5982
6985
5823
4800
3510
6124
8993
1235
9166
9570
2470
9985
6619
2365
5928
9551
5935
4980
2655
9668
8747
6016
4649
7377
2602
810
8443
1547
5543
6280
1765
6294
6623
2581
3408
7244
7581
660
8498
4230
9552
1583
7744
6938
3750
887
5258
7095
4979
9713
3325
1975
5464
9864
2490
3512
3125
1624
7353
5355
7276
5362
1917
3567
7314
6926
1438
5834
8494
4387
8577
8032
2318
547
6912
6502
9632
565
4763
2906
2519
7293
6629
9193
6136
3629
8342
6094
3739
4189
1943
5897
4781
6548
6036
6535
5235
8876
2432
2434
4125
3602
5486
2793
5515
2853
9730
7389
6866
399
4806
9704
9382
9163
5143
6057
9728
881
142
2195
7057
4406
6434
2022
7615
6053
3235
9498
2767
8915
9861
3165
1129
6177
2342
6135
4386
3596
1450
2719
9194
756
3539
1013
4401
578
5683
7134
3992
5953
7817
3521
8798
2939
8280
932
9972
1191
7068
5585
4940
8315
9262
6386
3057
5513
3919
7694
7148
3130
7499
6150
5006
9226
2314
7698
5469
3653
2896
488
4203
7198
9367
3409
9127
9941
8356
4081
8840
2969
1020
4523
2460
3493
6589
6137
4768
3762
6079
8639
8353
3903
9586
317
2411
558
6933
2447
8497
216
4147
1250
9089
7384
2084
6027
8889
8523
2142
235
1164
1756
2200
4791
5578
4941
5202
9101
2427
6160
4115
520
8532
876
9242
7578
9694
9673
6082
5336
7056
9205
6220
7530
1703
3110
4865
6744
9743
7762
6972
3422
7460
3386
7372
437
4266
6012
7380
7436
1669
9807
8131
8415
8338
3957
8921
7768
2494
8058
3463
6253
6450
2948
2946
737
6218
8489
647
6898
6655
4602
3018
7880
8836
3266
8568
2232
6297
9393
2911
1466
3471
9419
9446
7424
493
1520
9739
7951
1929
1395
7953
6787
3618
898
9
8687
9332
8402
381
9780
3588
9487
3002
5074
6125
2462
1232
8825
8173
3051
7969
9223
9300
1686
2523
8234
8359
3391
2423
9534
7588
8375
7692
6281
9121
7036
8741
5153
1176
418
3048
8226
1745
5943
9770
8579
3709
5665
7332
5517
26
7219
6679
4879
6265
124
159
4560
4100
8277
669
3866
3140
2572
6215
3366
8328
1550
9866
5647
8094
2457
4418
5302
6544
5103
3342
6540
6212
9603
9820
9771
4459
397
2859
218
4765
830
9186
2489
6381
8971
2491
9412
5708
1843
9915
7091
1585
3989
7723
6345
6021
5902
930
4046
5965
4083
531
916
7531
7346
2262
2942
4856
1392
5031
1621
7454
2504
1815
3654
1902
4540
9845
8856
5805
1207
9690
6252
5527
7896
7672
4246
8290
7558
2721
9071
3379
223
6863
675
5102
9391
6231
9201
3792
4935
8934
5060
6583
127
3091
5327
4673
4844
6402
4688
4599
9765
4330
4357
3390
7171
2811
7011
2898
9453
8752
2815
4298
933
4945
8116
2814
8019
9918
9888
4273
2273
3547
9874
2809
9954
5054
2064
7287
7159
5523
3093
3505
2151
6966
2289
6438
7266
4280
8796
8814
8677
1899
6647
9175
149
180
5894
9506
7388
6576
5291
8608
6240
6981
705
8781
5783
6009
594
6206
5970
5801
4512
1455
2892
1109
1199
9291
6471
4232
2248
9598
4546
7905
5755
1582
8442
2242
4445
710
6507
5308
7130
7579
7146
3275
3357
3159
7655
1847
1881
4082
7434
3065
4320
9830
7370
574
9658
7108
7112
9764
4205
450
1623
2271
9512
2835
3350
568
6112
8050
5950
8423
89
8148
7185
22
1066
526
948
5862
9986
8659
3184
7220
9439
5470
7550
4443
8731
320
5138
3800
1675
8725
4193
2016
15
173
6543
3181
6233
1034
3813
8787
2528
592
2298
5651
2430
6618
3370
324
4770
7954
1391
6970
5105
6770
8458
4305
4637
9164
9440
5439
146
6566
7110
5566
7247
254
7111
7854
6122
9981
6388
4908
4001
5113
7299
8221
6797
3148
6865
6439
4607
962
7948
3056
2542
1581
6333
2157
8260
8467
5449
2530
4492
4102
7025
2285
6080
6047
3538
3006
1753
1544
4181
7014
5084
9091
2181
7468
5144
7942
3765
4408
448
7659
5340
6018
170
2192
3405
5832
1178
7124
2475
3335
4422
7527
7481
1743
1444
4590
686
2048
8949
1728
3597
6644
8228
4915
6677
1276
2827
895
1945
924
2954
4678
4624
113
718
5528
2774
7710
5803
363
6925
1816
6489
8134
6974
1879
3608
7539
4521
9999
9248
4514
6501
8830
2947
5004
5498
1092
9105
2169
7928
6961
9733
6611
4956
1247
205
6742
8063
6826
2876
4353
5283
9034
6753
7965
5981
2137
7845
2132
4151
5580
1937
2819
4010
9108
6382
101
989
4837
331
1987
1579
1460
9540
4968
8236
8605
8454
6427
1049
1567
2571
8897
289
9106
4966
7397
2613
7545
7889
5191
3763
9188
8549
1607
2780
6139
3647
4084
5108
9867
9278
824
9017
8644
2599
8421
1143
8386
160
2625
8392
8410
1561
6882
6738
384
9398
4474
3853
7028
6765
8633
9707
3852
5820
5184
8147
2370
1127
3272
5176
1423
7792
1167
1284
7606
6210
550
9746
2202
4000
236
102
2549
3574
2618
7479
4075
1723
8164
5077
6509
7930
7561
6339
8957
5843
6176
9919
3009
2838
6806
2458
3298
133
5106
6911
8730
1911
1056
4113
7911
7787
2945
1491
7740
8973
4284
1171
3520
5446
280
7754
9359
9429
7573
1869
9661
5627
5179
78
1246
2409
5920
8519
7125
1919
5973
4788
4852
4621
8257
2154
8697
1608
6864
1650
9239
3582
148
3595
5865
6857
6344
1459
3171
805
9255
8165
3507
9932
2390
5206
5201
9613
7352
3146
4460
7702
7640
4484
5850
3593
1259
9840
4306
152
8278
2651
9511
8580
306
3349
8390
6889
1992
7835
4182
4238
6185
8241
4004
1337
7960
8101
351
1011
2502
6117
9528
5495
9903
1999
2193
1806
4058
3029
3706
3401
2078
3480
4961
6292
8480
9689
4120
2341
7984
2452
9641
7680
3927
5992
4356
2093
8117
6931
663
5858
6805
3066
6936
1023
3559
7050
896
7886
4687
6851
6458
4745
9548
6013
1970
8077
9069
2755
6435
3307
1656
2725
9421
4198
9324
5243
654
5367
7814
7133
5320
4709
4981
9274
8547
4397
9236
5851
1360
8023
5853
4184
8232
7995
1670
610
7651
2660
6982
1551
1483
7004
2246
139
7580
8872
6990
9671
7903
8827
2817
2664
278
7674
9153
6100
4216
7157
5996
8987
6389
1518
5290
3179
3716
3713
2860
423
2509
8670
7528
6380
9238
682
5114
4867
6516
1930
3229
4369
8801
9059
8838
579
3443
8324
4667
3993
4121
7611
1808
4327
4812
2036
7263
1139
1795
7420
9380
5237
325
7693
5471
6488
62
6598
8649
3807
3703
2030
683
1006
8642
7286
2038
9507
8689
8621
7843
43
2023
8600
694
9023
8980
2704
5826
3711
7830
5959
5771
626
2661
3999
7925
9678
8850
9748
1684
3161
445
3153
963
7523
1432
3133
1857
7275
8817
8868
5729
1595
6734
8756
5994
8305
7908
1124
4784
8509
259
5898
6392
6531
6068
3814
2924
9476
3120
7113
8864
1511
7312
2258
114
287
345
630
8740
8542
5673
1002
269
4923
3940
8656
2000
1188
7873
1076
2577
3059
3950
4192
1294
6587
2307
628
4383
2111
5309
700
2414
6295
8500
1301
1634
9859
8651
9125
5682
2977
6275
4393
4564
9913
7160
7625
5124
3824
5136
8923
1918
2408
402
9206
3611
4699
9349
8475
7432
4032
6328
9649
1318
5540
128
596
6789
8837
6922
2449
1044
6246
7986
4346
5266
7116
6504
3643
5489
601
8231
8189
9974
5016
4345
456
1990
8805
3248
2099
3423
6808
6558
8139
5119
3527
6184
8482
6093
2187
9755
687
398
3477
7935
627
9357
3319
9726
6747
1208
7227
4898
4175
7504
6029
9270
4274
7234
4283
8991
4179
9399
1604
2699
245
8920
5934
8767
3351
7105
7639
7764
491
958
3323
3826
7551
5610
4003
4225
5542
182
9916
5604
4303
2619
3511
7374
5816
5684
5192
6239
4060
260
7402
9824
1713
2294
5365
8372
3876
8243
5298
1329
1424
3123
4366
5810
6272
5746
9139
712
8041
8578
6538
9800
4294
6377
9636
7106
7216
2101
2569
7375
6700
3250
9921
8214
8671
1280
1570
9547
2159
4201
7746
2426
1251
1370
5424
1951
2791
7222
7174
8190
759
5274
174
1051
2803
9425
294
1017
8433
7427
5939
2790
3072
7231
2217
9309
1635
5531
9768
4424
9724
9195
8285
7344
9709
8963
8638
2778
1151
2675
8932
7049
1554
1629
9752
6777
8042
1589
784
5011
7350
1714
5568
2862
2628
4212
6290
9679
1012
4078
571
8371
1121
4260
7697
8804
6998
6126
436
6798
8511
618
7230
2801
791
2852
3623
5845
4019
3481
838
9197
4550
6331
4057
6755
6373
2941
7127
2109
5780
9539
1591
3166
9001
957
4978
5343
904
7408
5008
3071
2720
4131
8815
9016
9079
9449
6052
3637
9158
1655
7699
6790
6039
8510
6105
7734
1242
4167
5178
3492
8207
2288
576
3501
7591
9818
6963
4470
7624
1980
4315
5208
6778
5567
4259
5592
5906
4291
4926
1796
8898
8039
6019
4428
7253
3969
2818
9306
3221
4426
7035
1856
7812
9192
1792
2735
2830
4359
6712
4173
6278
3293
2220
7476
8322
1335
4085
5122
2131
6205
3346
8276
7856
4328
1114
8012
5292
6800
7900
3846
2694
3747
5958
5216
2638
7785
780
5461
7975
2708
1014
3918
7882
4562
5912
4012
5672
6555
5924
2190
3144
7474
548
4471
4067
6870
4862
7520
5668
1646
1317
5030
9568
9556
5363
5454
744
9766
6592
9414
6157
969
6708
8708
5151
3237
6343
6720
9411
119
2387
9895
6352
5112
3884
9715
8969
172
3047
7997
241
2701
1244
2566
5601
8103
3315
8928
8486
6455
1706
6293
674
7957
6288
3525
9343
126
9937
7336
1362
2463
8647
698
7618
7083
9218
2930
9155
7465
6839
6156
3915
4642
8569
6771
5000
5642
6034
3746
8161
2786
220
9490
9977
6313
8021
9657
9272
5252
903
5574
817
4799
3485
6341
6366
4846
7782
1651
2967
2624
9263
1041
5842
1
5508
711
4885
7221
7555
270
7913
5384
7627
8757
9183
4076
1647
3821
6796
659
9720
2011
4329
5480
9501
3676
7463
6299
382
5859
7140
9190
5460
5070
4190
9975
7576
6091
5352
2487
5129
530
9762
8516
1484
9124
8203
9157
2233
411
2920
3359
3578
4578
5332
2695
9388
1032
3169
7467
3580
267
1416
7378
7429
2976
9951
7976
3345
2926
1991
690
1896
7081
9459
3270
183
509
2886
1300
1022
3131
5388
563
6686
70
1126
6631
5442
4568
2165
1766
6499
5548
7449
9410
2516
1588
5721
5594
5287
9362
702
6217
1909
1179
1293
286
4200
7724
6830
67
3227
3638
8310
1836
5368
5988
99
3404
7735
3571
1064
1072
9038
5942
8938
8972
6020
2473
1172
4714
575
3967
5799
4729
2198
471
3224
4632
7309
7756
595
1858
6141
7547
2677
3796
2486
387
4991
6813
1035
7612
8502
6303
7363
7348
6746
246
7064
8989
2358
5724
6436
1009
4547
3899
3427
3341
3234
8378
1841
6356
8873
3640
8861
4456
7793
6286
918
2472
3854
3897
2620
2556
566
2713
5809
8334
9777
5957
3265
4374
6130
7810
5562
9311
7289
8471
2024
7977
9438
9948
7819
2505
8813
7676
6463
2369
9170
9719
3954
1325
268
7077
8187
6190
7876
3908
979
9615
6530
3509
6908
1956
508
1492
8970
6394
2069
3882
2584
2798
5711
1197
9627
7802
8786
2669
6768
6459
4506
7403
3542
3569
874
4031
5608
2944
2121
4297
16
342
7071
634
7478
3947
7461
5261
4277
5978
4033
1085
7879
7054
7774
5111
1097
7822
8910
1237
2858
4571
4332
3502
2837
8288
5917
1507
4811
8281
4176
9098
9277
8397
9378
6874
1864
9688
5525
5618
6173
7052
4553
61
8036
7505
321
6324
2389
1831
1622
3466
3356
8909
9917
6860
921
2129
679
9420
3858
481
6370
3604
6355
5371
226
7396
2688
1390
665
3652
9619
6391
7654
5267
866
5465
3079
2196
929
4696
4079
5822
2894
35
4002
5751
162
7308
5772
6615
4723
2897
9417
3594
9180
6565
2797
1764
4349
7968
6416
5614
4627
5829
2138
4503
4188
3303
7316
4430
3371
4946
960
2103
1740
8274
3245
5428
3724
2368
3318
9244
3714
214
2751
7767
8691
7338
9026
5485
9938
2429
2623
41
1194
5638
8172
4810
8229
3452
7399
8296
3942
2296
1558
2135
2783
6525
2439
4269
5096
5154
3225
7686
562
6262
1775
1731
4314
611
9881
7096
8720
6134
193
8091
5915
8676
1409
9301
1228
7919
1963
8974
3474
8718
4681
2866
7059
6423
6106
4695
9037
4372
4589
4119
1447
5714
9081
4890
8059
6989
2923
8660
1324
535
6320
739
79
7663
8595
9162
2366
6526
6852
5564
3577
4572
4668
2979
9280
7866
4152
9909
1965
8746
4168
9422
7572
8001
9588
9061
5767
9126
407
4554
7743
9006
4065
2882
6935
5040
2591
9852
1565
8406
2821
5640
573
4265
5773
4141
5980
4350
3548
6669
7176
8130
8650
6685
2512
7727
282
6821
2255
2155
794
2762
6903
8128
5739
4235
2339
5093
6056
8114
5377
8136
1674
6836
6877
8913
2771
6858
6385
3797
2961
33
117
1829
3287
8888
9609
2578
7398
6784
4545
9683
2061
1787
1422
3982
2718
832
5946
7967
9497
7636
3543
8168
9804
3790
4864
8224
343
8174
8855
4112
6831
1597
5277
3058
707
1080
2437
8090
8218
153
3264
1417
4584
3778
3672
8331
959
9901
224
5839
1592
8055
6684
2891
8614
9956
5880
1118
3174
9822
8672
237
7564
8875
458
1046
4090
5293
3361
6642
3658
6941
9458
2050
4197
1229
1168
6856
7704
1137
379
6902
6957
3754
1884
909
3398
8100
2847
8734
7613
9788
7330
716
8501
3916
544
196
809
808
2303
7302
5278
36
6781
5218
3948
4302
9028
1162
8686
9620
9376
8062
5645
7509
7179
7
3334
9542
6953
3468
6567
1245
2340
7679
7609
2788
9832
4929
7243
6763
4735
5045
4453
2415
3495
206
6573
8373
4930
8105
7897
3036
360
2037
8293
1645
4272
416
6319
7401
348
3347
8073
5716
7833
8778
7952
6731
8620
2972
352
1389
9347
8389
7778
3639
3789
6569
6085
393
4893
5246
3752
3247
7761
1354
2417
8313
4136
7543
8329
8821
8348
7060
7168
1339
652
839
5242
3316
5341
2445
8617
8248
4263
3099
2221
3419
3448
1418
5999
1895
7261
2089
7959
6621
6737
3844
8357
8606
6407
3935
129
931
9441
5353
4355
6421
978
6711
7271
2124
8784
5128
2652
6493
3678
5929
4395
7464
1383
9616
5474
3392
9992
3945
4185
7435
2828
3168
4154
1378
6428
2963
8518
6959
1163
8002
2113
6207
6729
9630
5373
8109
3803
9145
3271
7784
7521
9699
1913
4218
8340
3920
8954
1498
9991
2378
392
4658
2630
2226
7874
5559
7972
4539
21
3239
4368
6414
9549
6104
6944
1166
8308
1541
7076
1189
1291
8052
2147
5366
7074
7144
564
772
9431
8106
7228
6114
6939
5554
7331
4942
4903
9005
7665
9524
3314
9639
8956
6007
5694
3035
7595
714
635
7524
2236
5991
4493
7417
3880
3958
6643
8154
7120
3302
8507
4825
4575
3816
3892
4738
2074
1345
7419
2021
2338
1090
911
8535
250
6717
6916
3681
2380
6666
3068
1663
7117
8887
5555
3333
6906
7780
4897
9418
4486
9426
7078
914
1130
9902
1399
7548
8411
5109
8465
8223
104
3833
4598
2525
4498
8271
2662
3320
5644
936
7881
240
2854
5257
9950
7031
4213
3968
1445
4761
4794
9834
7315
678
296
3308
4312
5655
2393
8439
6905
9230
4089
6710
7610
8170
3008
7688
4990
6553
6418
7017
422
9062
3019
4932
9340
1958
7713
5798
9040
5761
2020
5170
4215
2227
9177
7719
2615
3777
9266
5222
2149
6599
7024
2353
6791
8354
1349
9957
4972
3889
5794
8592
6415
4995
677
1842
9044
5766
6967
7376
9508
1456
813
3631
5301
7032
3684
5171
8763
9235
5348
5792
7367
2267
4227
1145
4629
2479
1292
1475
7335
1814
8681
8343
1993
1853
2091
7848
497
891
8601
4530
7145
8508
5314
5147
2252
6910
2536
2363
5181
2317
3685
476
2537
9336
631
3332
5650
5681
5712
3046
6107
4597
8662
815
5979
490
4721
1083
7587
3033
9463
328
8487
396
5220
9292
5142
7827
2988
5066
3484
6419
5901
4710
6818
1513
6628
9302
9711
1785
8558
4255
6699
6484
7238
6201
584
8785
2433
9350
434
9161
4051
8704
8246
3172
9810
5904
2329
3201
5864
3254
3027
9796
7047
4939
991
3472
2990
5709
4949
291
3113
8284
5412
6661
2441
842
4451
6614
3475
6692
8733
8366
9526
9159
5932
8563
5193
7601
401
6028
992
7645
4588
8738
2337
2293
9474
6073
9413
7852
4035
9984
4693
9094
643
726
9696
7542
9373
6129
6447
3811
8379
4145
1873
1067
274
1133
2367
9346
2040
1192
2497
5582
5813
5064
5407
6086
9882
2958
8335
5493
4726
1859
3081
1984
1752
2394
8641
1941
1977
4128
9171
7357
6528
6529
2107
2849
3155
7109
9100
8496
7607
8832
5305
612
1979
7772
1953
5654
5926
3991
9460
1724
689
6977
604
6165
9545
5466
6399
8191
915
1272
7051
3076
8682
5118
956
5038
6650
8250
8964
1744
2707
4686
273
8585
6338
4289
6559
6026
2534
5848
8377
2885
8333
334
6732
3718
1226
6748
3644
9653
4601
7440
3344
9577
4361
5927
6209
8721
6533
2843
1848
1628
1904
5411
4437
8283
2279
8866
4698
5007
8714
5632
264
1196
8076
5055
6011
5535
973
2310
816
986
1186
2015
2978
9211
781
6180
949
3732
3243
6766
4396
2392
3023
9047
6296
7899
1662
207
2170
9538
8695
4594
3552
901
4759
4465
3896
3499
9282
5350
3226
4499
6514
7582
9331
2498
1202
3220
8222
9117
8014
3605
9629
3276
3626
8918
3614
1811
2779
1180
3829
9846
708
7917
6848
8048
2419
6395
1833
2184
9360
9802
2996
2890
6199
3877
4525
9560
6942
2092
6984
893
6952
4685
9742
1927
9914
8351
7233
8960
2377
2364
6360
1304
7239
9648
9123
8881
8178
9457
8151
6854
4059
7212
4948
2784
8983
9850
8979
9029
7082
7892
7197
715
2741
5223
549
8916
812
7205
1252
1298
8571
1215
8209
9046
2274
5012
1220
2759
8546
4336
2600
9260
9014
9907
4301
6046
1016
1613
5211
5613
1065
8066
304
4043
3406
827
6234
3087
6465
4436
5700
2889
8199
3330
3486
4420
1819
5936
1332
3380
6485
636
3025
4041
6348
2499
3024
1382
6192
1641
2034
1019
7907
4159
318
5502
5438
9050
24
6609
5922
3126
4416
3973
6561
2300
3549
1501
2006
6159
7708
2399
4196
9066
8074
9147
5288
7473
7602
5127
2679
7628
1774
2270
6656
9374
9233
1296
1219
1225
5600
5015
3965
1563
5956
9732
7143
6128
9065
6040
7687
919
9009
9628
6198
602
9566
2902
8268
3863
5545
6988
6689
3878
5868
9589
2330
487
1224
1882
9113
3321
3031
8292
3337
6242
6261
7343
59
8108
39
6479
5599
1680
5270
9049
6527
83
2090
4612
1004
7491
9268
6594
648
2051
3787
7295
4519
9584
7670
9144
5707
5230
3217
7634
5817
7026
3980
8417
7150
9154
4333
1398
5626
457
2174
5664
843
4645
7656
6580
5285
1897
1481
6482
8289
8952
2239
7257
7466
5524
8070
5769
2128
1355
1737
4104
2009
1746
7915
4479
6245
7328
5661
1786
5404
961
4740
1577
8517
1084
5537
3744
818
7128
3855
4623
8684
8253
8772
7326
5256
3004
4682
1116
76
3898
5836
231
3666
5581
4024
4613
1906
1157
5094
4409
5185
9868
3108
8528
6581
356
506
7898
4754
8204
3142
2646
8262
4565
3267
608
386
9056
2940
6574
8562
3825
2538
7920
854
3534
7183
8491
9703
9814
1952
4384
2745
168
9042
6915
8358
84
6657
7284
622
3462
3843
8908
9265
7918
2431
1827
1160
2645
8879
4467
6449
2095
459
3963
9996
763
617
2450
9002
7215
970
5933
6143
4631
880
5058
9670
1762
8213
9561
2633
3078
40
787
9297
8061
950
2185
4293
4817
4339
1543
9313
8460
561
7657
6949
1496
6194
9767
8431
2796
1599
8400
5483
5745
6468
9943
5317
2055
9275
329
8541
3851
446
4050
8341
9330
5871
3285
2194
5408
3987
6041
5718
2753
3513
3412
4795
603
4123
2488
5588
2748
8259
5674
5889
4319
5416
6354
3938
786
3561
5189
9213
1368
7644
3712
2687
8548
6876
8398
4720
676
2934
4513
9468
5397
3642
3805
9519
9565
6534
6466
9854
5212
7574
7307
5743
6969
7080
181
1555
3779
6168
9482
9389
7349
8765
1068
421
3780
7013
5173
4636
8674
9851
7567
6585
7118
755
6457
2344
2622
3886
765
6762
2416
982
8629
7946
7893
5876
1947
6243
1024
6703
9304
9323
2098
3610
6349
4838
1846
5005
6118
3198
8515
906
4827
8630
4399
2756
227
5183
7177
3879
4282
2825
7488
5860
50
2188
2208
7853
3186
8325
5671
300
3218
4882
1427
6101
928
3749
4663
649
9041
7430
3252
4907
8624
7447
9466
4053
6002
6496
2641
9012
1742
1485
391
4292
8504
9477
5281
7872
9437
5984
5753
3683
3828
2203
1521
4183
47
7815
5533
6907
1533
5657
9494
9495
1738
2120
4377
4511
6674
6996
1262
5088
1986
3231
6694
30
1512
7971
9966
3080
210
5593
4020
9200
8299
8302
9893
7173
3931
8680
5807
9608
8839
8202
9351
7015
5156
9489
3011
4785
4611
2182
5629
42
7158
4363
5205
1094
6305
3553
3740
1695
4640
720
856
5702
5854
3925
1212
1061
4921
6235
5036
3670
5260
8418
9390
4888
6680
2396
8360
6539
5951
7720
1666
5063
2319
9276
9775
9491
3438
1976
5784
9806
5026
1400
6359
5925
727
7933
4807
7979
6260
7003
2557
1062
8495
6045
1652
2360
5018
5275
1053
3812
5507
1892
6332
3994
8769
7020
8167
1933
8468
5482
9606
8716
8112
9024
9961
4343
8447
6920
4993
1834
8848
2134
9116
4385
9073
1173
7018
8208
9624
1525
6590
8550
6032
1566
292
1113
4675
5059
6861
7359
9057
6384
9189
312
3228
9647
3875
7675
9572
5311
1205
3536
2861
2635
3185
2527
9574
5886
1099
7139
225
4321
3223
1968
5808
7264
9855
8011
230
821
4839
7181
2257
4250
3600
2586
8803
2180
3103
9036
6822
4370
2564
6626
4670
6189
3425
7560
3464
6675
3189
2806
1871
6169
8448
1667
3773
157
9655
1213
5134
2510
9400
8186
3710
4
5975
5086
7682
8159
9185
6929
7093
658
1365
9326
1286
4985
3589
6181
3191
4296
1693
3377
5272
6980
5141
2158
2932
5401
2873
3827
6225
4044
3804
1619
3951
1893
684
9803
1274
4567
721
8095
9680
5393
1907
8566
1069
1419
2777
7974
4419
668
1358
2855
5754
6005
3794
2632
8485
6066
3832
4874
7594
9103
1344
4899
6730
198
2824
2018
3203
4161
3163
7584
9813
4635
6171
7147
3540
3799
6522
3656
9077
2663
620
1403
4772
9249
3767
4042
9156
5024
4548
2649
9643
1530
3437
6804
1140
9137
8582
6221
9669
1308
4068
826
4826
5225
4056
3129
3592
353
400
1998
8712
1772
4087
4782
3634
8709
2464
5781
5426
1636
2576
713
3368
2304
5997
9011
9828
3723
2214
8774
5177
1802
2717
9254
3665
8297
8668
4023
9231
1747
517
8047
5744
6061
3907
6213
8018
163
7887
1578
4091
8751
8692
8591
4008
4220
7912
5960
2167
2702
9862
3806
5888
9865
9253
5747
7683
9587
6950
4245
5720
9536
404
9392
6111
1331
6843
1534
8068
5410
5529
5621
7405
7029
5955
2642
9483
6947
1135
5345
9499
2585
2851
3682
8038
7123
501
1488
4947
8385
6371
7996
9409
8565
4626
864
2887
2643
879
1644
3668
6707
8403
3400
6994
7487
6859
2836
2455
583
4170
8142
2331
4793
6704
9060
2562
4533
3528
6716
8930
2636
8717
9621
3627
188
4755
2684
6759
976
3573
1730
7586
7001
8737
2412
3791
9174
8472
6846
2144
4165
552
1159
9356
6772
9706
8084
1683
4435
6309
3862
4654
7452
5512
1678
7934
7641
8530
2388
5069
6993
5748
8572
362
5778
1539
9697
2760
7943
4202
5620
7650
9634
5967
4054
8132
6635
5168
4957
8455
4504
4646
3397
513
5420
7901
9980
5662
